# Created by Octave 5.1.0, Mon Sep 09 07:44:42 2019 GMT <unknown@EQ-2347>
# name: X_train
# type: matrix
# rows: 24
# columns: 100
 -1.5947875976562469 -7.2658573817344614 0.030087612262165359 0.92810671022804836 -0.036858876236228327 0.14822705334751021 -0.37150966427257326 -0.67364357269289787 -1.0077969123839408 -0.42812406939308767 0.27947534195934293 -0.035045641244357086 -0.070060055564298229 -0.0049616941147697319 0.016568693615139546 -0.030402094014593956 -0.035505275371015742 -0.0045066281840531013 0.013564536960434404 0.0084290056209149616 -0.0063170475770968938 0.002252584527684294 -0.0032291950991141676 0.00037683769890031581 0.00083609254510253112 -0.00022852675902274825 0.001009454676881918 -0.00028314556996016397 0.00093420604071912797 -0.00087504714976568141 0.0096584802651026366 0.020000026663055281 -0.00011546523652224074 -0.035858850354398245 -0.042338885603654904 -0.022896796684579755 -0.0015139060323091152 0.016248684819908481 0.040295228490040011 -0.58432090467482956 -0.48466323322424804 -0.74131311145593271 -0.84978102037876968 -0.21143649977465101 -0.24129516760463304 0.15968964640994721 -0.33737138887663448 1.570832132472838 7.0926492910247347 0.16241542047567237 0 4.4613210354874067 3.7308949970301097 -0.71743063076314628 0.24719130673512993 1.4502237828878093 0.015219872613972922 -0.90866380528695467 -1.1907932557007286 -0.81306925674362107 0.10458545629763762 -0.12513482510738988 0.081485374328125804 0.012679546240489037 0.10344659566043898 0.058952566591692221 -0.014200773620804161 -0.030528824993307203 -0.020007993584452897 0.0010981426837172196 -0.0024893507944682993 -0.00033664847617097504 -0.0040059024771278064 0.00035103909050740776 -0.00077438970544541096 -0.00029425737600105627 -0.0022788334054869865 0.004349947136969839 0.002013392189504097 0.0041025244012990007 -0.0055576971143127662 0.018145263109250725 0.028643980843130225 0.01194831531435008 -0.055922941087996877 -0.063249519580742999 -0.041542534996349488 0.061237760051243803 0.03724332261171482 0.35051918376891467 0.22468784784524398 1.5432314151311359 1.1391211444484832 0.19702072781039187 -0.77715732406639859 -2.4147503129148942 -1.5253120372807809 2.9896251374716236 4.5239457440575954 0.1072396154382208
 -1.213592529296875 0.44286055511457012 10.036883281073143 -1.2610942409021468 0.50596277052246497 0.68688758325445598 0.02220435083107854 -0.59577285285330384 -0.029348185623242207 0.64556189659569208 -0.38589909995077604 0.075872016650782054 0.049687973443703834 -0.025424209610221699 0.016809145607313471 0.044344150631674906 -0.019268363867428844 -0.007844482860601288 0.0078787698122472615 0.00017455110381754256 -0.00042879418697210937 -0.0044776385987190569 -0.0046462039273562662 -0.00015442147947735031 -0.0029284604085235847 0.00052170872661900819 -0.0023553295763632806 -0.00016863067684972006 -0.00056624411183026492 -0.0018986043493573761 0.00097103680667694919 0.011649876363865955 -0.012771089030747076 -0.018140673275426109 0.030872206157451367 -0.0097273863305343197 -0.017411074583936721 -0.060431566348525582 0.080213598408531414 -0.13358424929239288 0.40218421783137648 0.059690416226512694 -0.78124544829954889 -0.16815609268490636 0.29794445316228707 0.11216990333949317 0.1806791560684704 -0.96097035726265634 13.289340495452135 0.10402819560028884 0 12.370332265626633 5.9555817294206745 0.62510084156855272 -1.1811861927675378 1.1272236728131324 -0.19712122492299172 1.2135338423345989 -1.6993327685310726 0.43979041486667059 0.040170496030817023 -0.044415141094470478 0.091310846330538278 0.017568125053597464 -0.07104725895059448 0.059669946347660575 -0.029683127728842355 0.042930006854232608 -0.010325814289906313 -0.0039324956982565527 0.00449521985991238 0.0027577636991626474 0.0012065256976743126 -0.0034523332873274359 0.0017292082373767689 0.00035766798183582238 0.00020646211647855342 -0.0012429279532567171 0.0013450290163865295 0.0014243254010931799 -0.0016617271718825139 0.012818892865573833 -0.034406684552542366 0.033503772517853948 -0.058307420600336904 0.06901127193856807 -0.013315837985490986 -0.07010175596122907 0.018314353568105748 -0.075359556291272667 -0.43855333145338526 1.5412081945098004 -1.1681900396043592 0.13246618297350707 -1.2323798781779396 1.2523006022030121 -1.163964092026565 6.779657859446468 4.6558039597350351 -0.1319839397732579
 -1.50262451171875 -26.285255633341023 -5.4463994972179819 -0.81122916340575191 -0.41345113464881489 -0.88728735606007381 -0.13471605746164012 1.4512903728684945 -1.3945815398488739 0.75553335912330588 -0.28598281488994515 -0.13161571893145557 -0.021113472183553951 0.0011466146914446023 0.034240512373827137 -0.026045918709320274 -0.050241305413986991 0.02396905481438405 -0.0062350570171316594 0.0011808859729054658 -0.0033416096489079167 0.0038618428485326112 -0.002038499148009089 0.00014203213598047376 0.0025259023041704237 0.0019400337923506444 0.0044247450885885539 0.0034573106224876464 0.0042275491848555559 -0.0021216529088027474 0.0048412194802296511 -0.0057228501343044857 0.027104009057186771 -0.071728369287593824 -0.018720665786386745 0.038788809531953766 0.0018560548512521799 -0.070598382155584741 0.18745499531133228 -0.21927108669115689 0.4727645939376604 -1.3511638470864653 1.3669645932145817 -0.30284169968809505 0.56726006426716757 -0.99099712654539229 -1.585352104777441 -0.25238229844453541 -16.182317041626977 0.45508681396302092 0 38.120922461027213 1.0183270580643224 -0.023925394195912851 2.6567784561429293 -1.5379038995974608 0.27361104374985418 0.22080356293260348 -0.66881725562122007 0.36314097728125155 -0.080443047236336232 0.11929569660508019 0.097290535190594704 -0.027588054370336252 0.095689554475325581 -0.049233069337719516 0.028822967145975202 0.028566180617430444 -0.030618049099197155 1.1181924961919368e-05 -0.0037517174687684827 -0.00070744492905549172 0.00049239539850825511 0.0006965867683599602 -0.0029073847665305867 0.0022372263503671868 0.00089403821143017989 0.0018155181876200466 0.0030752166087916989 0.0046177437889826454 -0.0038936328984923232 0.030289347994097333 -0.028850346470440151 -0.011856735973443821 0.062160147168882303 -0.051093535052253621 -0.020677259881449257 0.014415758102928507 0.10692024429878745 0.1957033458152917 -0.39114294255282833 1.1255505431638906 -0.22847279019094829 -0.16950223211776538 1.3631627660886956 -0.26037156197322969 0.68553750562383597 5.1868645909994404 56.602875928625373 0.21566919169939561
